484	234	0
70	55	1
1240	368	2
460	258	3
1180	512	4
3490	513	5
657	325	6
691	310	7
1	1	8
925	412	9
663	247	10
654	365	11
657	323	12
920	339	13
25	24	14
80	63	15
745	472	16
388	237	17
9586	1068	18
648	321	19
1700	754	20
475	216	21
1242	461	22
1781	708	23
408	219	24
605	256	25
864	348	26
1560	314	27
1742	411	28
416	237	29
4767	786	30
597	298	31
1562	559	32
116	54	33
2201	708	34
1887	892	35
2	2	36
1624	613	37
1	1	38
21436	1733	39
494	140	40
2548	909	41
764	212	42
1032	455	43
2553	909	44
12	12	45
1436	703	46
618	332	47
80	72	48
770	249	49
483	264	50
729	345	51
1132	600	52
39	35	53
1302	651	54
1672	713	55
5193	724	56
248	128	57
636	277	58
1891	1633	59
550	276	60
1	1	61
1672	713	62
680	404	63
6	6	64
553	287	65
409	196	66
620	283	67
1084	472	68
548	228	69
509	316	70
25	16	71
59	34	72
25	21	73
2295	808	74
465	190	75
5191	377	76
4862	285	77
529	263	78
1314	569	79
670	392	80
157	110	81
2103	1004	82
1111	496	83
309	199	84
587	337	85
2205	701	86
665	372	87
261	206	88
297	132	89
293	162	90
969	531	91
7923	2405	92
632	236	93
559	305	94
1023	566	95
954	413	96
481	228	97
370	164	98
598	328	99
161	111	100
124	65	101
2296	942	102
437	240	103
17	12	104
673	276	105
109	71	106
444	197	107
114	94	108
80	47	109
730	364	110
457	238	111
121	82	112
96	55	113
8	8	114
594	350	115
811	501	116
14	11	117
1616	292	118
311	194	119
270	201	120
499	176	121
16	10	122
325	235	123
2354	908	124
352	216	125
1126	427	126
13	13	127
1460	659	128
597	385	129
166	128	130
581	239	131
1232	733	132
933	426	133
118	75	134
405	162	135
1598	284	136
85	54	137
251	126	138
504	303	139
829	332	140
378	246	141
28	23	142
319	204	143
674	291	144
13	13	145
475	237	146
9	9	147
251	126	148
588	171	149
290	166	150
8	8	151
403	207	152
13	13	153
5	5	154
207	152	155
616	278	156
2166	929	157
281	152	158
326	129	159
458	266	160
299	196	161
1204	482	162
53	37	163
1896	1630	164
1439	581	165
255	55	166
0	0	167
4844	463	168
25924	2143	169
1081	451	170
22	19	171
1828	728	172
29	24	173
562	220	174
0	0	175
1150	588	176
1568	818	177
259	149	178
961	426	179
305	141	180
806	421	181
441	241	182
1074	647	183
78	62	184
405	306	185
151	111	186
880	301	187
2714	1231	188
463	293	189
221	48	190
1587	706	191
707	344	192
213	118	193
488	334	194
558	295	195
226	132	196
137	88	197
39	35	198
958	430	199
374	201	200
139	59	201
1093	482	202
15	8	203
18	16	204
444	231	205
838	245	206
881	314	207
27	16	208
145	102	209
1708	880	210
242	126	211
840	246	212
400	202	213
236	190	214
1	1	215
648	295	216
338	182	217
1101	527	218
322	175	219
334	235	220
1	1	221
2197	856	222
3681	1031	223
770	411	224
462	174	225
704	321	226
228	138	227
440	229	228
53	42	229
375	244	230
25	18	231
1002	542	232
1067	438	233
509	238	234
1218	369	235
318	297	236
12	8	237
72	39	238
2173	133	239
1166	459	240
326	122	241
547	401	242
1549	346	243
410	254	244
607	319	245
39	35	246
1205	477	247
4128	1077	248
349	154	249
261	180	250
134	79	251
1472	716	252
580	349	253
283	115	254
611	377	255
1467	633	256
1998	510	257
550	195	258
6302	568	259
1311	723	260
121	82	261
2	2	262
1508	839	263
261	131	264
583	301	265
66	57	266
1	1	267
133	108	268
703	340	269
710	302	270
9	9	271
490	459	272
1955	581	273
274	186	274
81	62	275
696	354	276
1	1	277
0	0	278
328	177	279
18	13	280
12	12	281
651	344	282
458	234	283
561	331	284
1	1	285
2154	981	286
0	0	287
1	1	288
978	568	289
158	136	290
301	243	291
3425	432	292
2039	530	293
30	27	294
151	90	295
1162	472	296
165	116	297
65	55	298
1235	448	299
230	108	300
6	6	301
529	216	302
248	173	303
866	578	304
251	138	305
480	268	306
72	63	307
111	79	308
12	12	309
249	187	310
914	414	311
447	300	312
622	205	313
391	197	314
213	128	315
11	9	316
165	116	317
531	272	318
2	2	319
995	562	320
313	175	321
522	295	322
158	111	323
262	137	324
183	128	325
213	112	326
112	76	327
147	107	328
892	455	329
438	151	330
804	396	331
1181	480	332
1101	541	333
4067	1331	334
465	226	335
385	181	336
5008	1015	337
450	290	338
445	248	339
6	6	340
845	428	341
400	238	342
1285	628	343
422	265	344
111	73	345
224	160	346
245	138	347
529	216	348
758	441	349
1156	473	350
77	50	351
1239	460	352
564	334	353
424	277	354
2051	738	355
314	126	356
339	236	357
81	59	358
634	296	359
50	41	360
1	1	361
2252	700	362
171	127	363
933	426	364
235	82	365
7	7	366
1326	598	367
521	267	368
461	208	369
827	434	370
67	52	371
157	102	372
1545	601	373
796	420	374
169	77	375
505	306	376
232	71	377
1646	554	378
977	427	379
218	116	380
695	295	381
952	545	382
356	267	383
220	158	384
327	187	385
1276	720	386
378	228	387
490	459	388
653	218	389
239	170	390
617	365	391
2903	1515	392
39	35	393
755	340	394
1001	527	395
2235	179	396
1	1	397
1	1	398
370	158	399
4635	1949	400
237	162	401
56	28	402
3209	874	403
206	116	404
40	34	405
99	76	406
658	364	407
551	387	408
150	102	409
346	255	410
18	15	411
267	182	412
1262	528	413
2438	809	414
638	388	415
828	322	416
1598	284	417
557	253	418
708	360	419
652	292	420
574	247	421
3	3	422
879	313	423
39	35	424
589	328	425
847	404	426
221	94	427
1758	390	428
985	433	429
5002	2067	430
331	224	431
397	199	432
1769	610	433
988	647	434
671	268	435
68	48	436
106	68	437
285	141	438
678	412	439
0	0	440
524	260	441
633	414	442
899	491	443
421	289	444
69	56	445
61	53	446
8	8	447
1	1	448
4491	778	449
457	268	450
965	564	451
1668	609	452
435	219	453
341	157	454
124	79	455
1373	726	456
3	3	457
124	94	458
0	0	459
816	400	460
801	321	461
388	129	462
12	12	463
254	89	464
22	18	465
1671	641	466
1	1	467
775	402	468
232	130	469
1169	458	470
688	371	471
272	182	472
190	105	473
641	425	474
302	171	475
1726	787	476
425	266	477
1	1	478
122	76	479
945	210	480
1770	873	481
354	198	482
1357	769	483
1014	181	484
100	76	485
2104	679	486
338	169	487
581	254	488
41	26	489
375	231	490
488	246	491
84	38	492
1695	846	493
1742	374	494
691	291	495
1534	718	496
482	229	497
356	188	498
174	120	499
219	134	500
471	230	501
939	422	502
4513	1735	503
2459	465	504
660	279	505
1022	472	506
890	504	507
433	237	508
408	280	509
590	220	510
575	293	511
309	137	512
1835	871	513
882	319	514
115	83	515
351	168	516
119	83	517
490	311	518
482	229	519
8800	2783	520
646	216	521
142	72	522
411	202	523
688	353	524
310	173	525
11782	2960	526
1135	608	527
284	112	528
309	196	529
6757	574	530
608	369	531
403	213	532
680	403	533
279	173	534
408	249	535
442	223	536
24	24	537
1065	453	538
249	97	539
913	319	540
1393	729	541
323	262	542
1196	439	543
1233	557	544
458	239	545
182	114	546
644	353	547
229	111	548
293	228	549
62	47	550
65	46	551
1341	296	552
368	205	553
850	438	554
488	211	555
1199	438	556
147	118	557
1277	438	558
1141	372	559
255	183	560
249	188	561
44	30	562
1202	531	563
568	313	564
119	93	565
116	93	566
260	186	567
1202	531	568
34	27	569
560	375	570
935	345	571
1302	568	572
1405	396	573
7	7	574
1368	585	575
1594	670	576
503	232	577
195	145	578
1028	586	579
403	207	580
7	7	581
698	336	582
790	415	583
4158	1127	584
303	136	585
167	114	586
661	289	587
811	434	588
530	325	589
42	39	590
84	74	591
1160	552	592
17	16	593
727	278	594
2009	671	595
304	201	596
252	152	597
705	293	598
1477	623	599
2026	826	600
453	230	601
1156	473	602
914	502	603
810	395	604
183	101	605
89	34	606
405	237	607
341	226	608
1	1	609
95	51	610
1003	486	611
354	198	612
405	247	613
0	0	614
569	334	615
717	374	616
690	400	617
5	5	618
39	35	619
444	199	620
487	231	621
1	1	622
697	453	623
284	115	624
1467	371	625
409	212	626
190	99	627
209	159	628
6436	1050	629
1015	573	630
0	0	631
163	112	632
1677	116	633
175	33	634
420	246	635
844	376	636
263	149	637
242	126	638
2966	1097	639
533	298	640
1965	506	641
0	0	642
540	298	643
263	175	644
4	4	645
1822	532	646
51	38	647
603	289	648
228	145	649
615	208	650
108	83	651
449	206	652
7483	1083	653
268	129	654
807	305	655
633	194	656
0	0	657
417	205	658
1508	581	659
199	116	660
595	241	661
3562	1112	662
154	79	663
426	198	664
609	416	665
1	1	666
540	326	667
507	309	668
22	12	669
424	220	670
443	205	671
2299	935	672
401	228	673
557	251	674
804	195	675
205	84	676
2995	1168	677
538	252	678
378	224	679
308	138	680
122	66	681
1026	452	682
562	232	683
0	0	684
171	87	685
2246	1067	686
1503	704	687
450	267	688
919	67	689
1683	894	690
584	386	691
396	252	692
39	33	693
64	50	694
577	299	695
786	349	696
631	346	697
657	325	698
2490	352	699
1144	585	700
876	416	701
574	261	702
977	539	703
429	278	704
8097	1087	705
102	61	706
1118	668	707
9	9	708
76	64	709
128	76	710
72	61	711
18	16	712
200	137	713
196	107	714
552	320	715
387	223	716
218	141	717
1513	533	718
38	31	719
0	0	720
569	282	721
165	89	722
622	280	723
0	0	724
177	93	725
169	63	726
0	0	727
111	78	728
78	63	729
2907	637	730
407	193	731
192	113	732
512	314	733
1092	467	734
1139	741	735
191	92	736
12	12	737
245	120	738
514	308	739
245	96	740
118	94	741
950	556	742
13	13	743
2952	1184	744
13	13	745
1425	587	746
566	296	747
377	182	748
1185	430	749
122	95	750
845	333	751
462	260	752
5271	1085	753
544	273	754
8	8	755
755	437	756
17	16	757
197	110	758
13	13	759
1357	769	760
3262	1064	761
656	392	762
3165	421	763
213	119	764
707	342	765
146	98	766
411	334	767
813	403	768
19	18	769
273	163	770
387	236	771
334	199	772
293	199	773
426	238	774
1782	829	775
4808	684	776
153	80	777
318	119	778
1099	514	779
307	153	780
13	13	781
12	12	782
201	112	783
384	114	784
647	204	785
1238	795	786
686	406	787
557	337	788
18	11	789
474	210	790
29061	641	791
714	314	792
1253	598	793
923	328	794
142	99	795
1525	582	796
644	377	797
1282	445	798
202	126	799
1066	572	800
3435	581	801
873	398	802
954	467	803
212	130	804
538	303	805
2252	921	806
447	301	807
39	35	808
181	137	809
150	90	810
1029	505	811
196	80	812
24	24	813
1074	562	814
391	174	815
0	0	816
2714	1231	817
348	202	818
706	366	819
65	48	820
238	163	821
558	313	822
1009	551	823
0	0	824
431	257	825
39	35	826
497	264	827
1	1	828
470	299	829
292	199	830
58	45	831
254	108	832
2008	514	833
286	116	834
26	25	835
570	267	836
115	62	837
69	49	838
389	174	839
693	382	840
12596	4076	841
0	0	842
470	259	843
21236	3319	844
184	93	845
195	80	846
315	172	847
1896	1630	848
676	416	849
348	247	850
314	175	851
195	122	852
9	9	853
666	298	854
341	140	855
1980	843	856
21436	1733	857
762	415	858
205	136	859
185	103	860
396	244	861
33	27	862
462	251	863
807	442	864
2554	740	865
297	164	866
479	271	867
1156	473	868
285	127	869
623	434	870
419	263	871
676	416	872
916	429	873
7740	2325	874
536	233	875
203	114	876
425	148	877
784	429	878
371	221	879
8	8	880
990	457	881
33	23	882
1575	682	883
179	145	884
839	375	885
324	176	886
965	440	887
899	491	888
498	387	889
356	248	890
4654	1050	891
445	253	892
758	369	893
538	267	894
1264	488	895
157	122	896
395	207	897
618	271	898
662	287	899
530	325	900
3622	784	901
223	153	902
1142	330	903
1463	82	904
903	456	905
174	88	906
277	176	907
1155	531	908
356	187	909
311	166	910
895	491	911
1498	555	912
531	280	913
176	91	914
490	459	915
1580	848	916
161	114	917
329	148	918
4844	463	919
349	211	920
100	77	921
2022	20	922
1722	390	923
811	501	924
393	166	925
853	315	926
1967	578	927
2	2	928
1139	741	929
143	86	930
1165	273	931
1749	569	932
41	30	933
220	145	934
2239	1246	935
844	515	936
9	9	937
0	0	938
1151	518	939
3079	1012	940
5701	631	941
2200	797	942
116	59	943
1439	581	944
1598	284	945
173	68	946
66	38	947
2966	1108	948
99	84	949
253	157	950
130	94	951
354	216	952
212	137	953
5	5	954
7	6	955
152	117	956
2137	969	957
376	201	958
1309	580	959
9	6	960
207	132	961
281	121	962
478	288	963
149	90	964
337	147	965
150	82	966
190	116	967
233	117	968
1353	511	969
1697	677	970
420	260	971
612	302	972
1079	488	973
65898	5948	974
913	426	975
435	228	976
0	0	977
219	172	978
475	230	979
471	191	980
184	93	981
158	97	982
135	80	983
1	1	984
495	278	985
871	463	986
401	225	987
535	255	988
198	100	989
232	174	990
566	310	991
755	363	992
170	134	993
416	230	994
162	84	995
1425	644	996
212	115	997
2	2	998
53	37	999
450	312	1000
42	39	1001
6	6	1002
1283	361	1003
2922	971	1004
152	77	1005
0	0	1006
230	185	1007
609	280	1008
364	165	1009
242	132	1010
1440	723	1011
5995	647	1012
1324	614	1013
1998	973	1014
0	0	1015
291	155	1016
236	131	1017
1009	408	1018
59	34	1019
597	328	1020
510	316	1021
577	299	1022
246	149	1023
244	151	1024
236	159	1025
439	260	1026
3	3	1027
1246	469	1028
952	545	1029
1	1	1030
20	14	1031
551	258	1032
140	78	1033
348	183	1034
163	127	1035
266	150	1036
497	201	1037
345	197	1038
119	85	1039
453	230	1040
631	375	1041
2549	826	1042
125	88	1043
1449	690	1044
208	175	1045
236	131	1046
211	80	1047
874	357	1048
1826	663	1049
795	456	1050
3404	1258	1051
1536	317	1052
291	177	1053
296	116	1054
755	416	1055
676	416	1056
18394	205	1057
570	47	1058
621	340	1059
42	34	1060
35	23	1061
147	96	1062
461	301	1063
92	62	1064
906	411	1065
1983	520	1066
41	31	1067
406	266	1068
1081	607	1069
831	400	1070
314	126	1071
193	130	1072
1389	532	1073
911	504	1074
548	338	1075
245	187	1076
888	604	1077
451	246	1078
827	334	1079
72	55	1080
2637	998	1081
184	93	1082
919	382	1083
421	209	1084
751	389	1085
1689	660	1086
640	353	1087
494	231	1088
283	170	1089
901	330	1090
751	307	1091
22505	3391	1092
2908	1529	1093
1367	620	1094
435	240	1095
368	210	1096
38	32	1097
291	196	1098
386	256	1099
548	338	1100
811	501	1101
175	140	1102
154	113	1103
3824	1444	1104
208	123	1105
165	116	1106
487	282	1107
219	158	1108
525	192	1109
201	109	1110
3156	401	1111
2483	889	1112
0	0	1113
1443	754	1114
39	35	1115
557	140	1116
700	325	1117
17	15	1118
5	5	1119
185	121	1120
247	100	1121
0	0	1122
265	154	1123
1273	594	1124
7245	1333	1125
676	416	1126
573	267	1127
5250	619	1128
134	101	1129
1437	808	1130
251	126	1131
729	355	1132
196	138	1133
564	208	1134
736	389	1135
371	150	1136
171	103	1137
1118	486	1138
622	238	1139
7570	1450	1140
313	180	1141
252	177	1142
1078	610	1143
634	274	1144
667	474	1145
468	254	1146
793	360	1147
232	129	1148
870	431	1149
291	119	1150
1	1	1151
361	201	1152
7	7	1153
132	76	1154
84	64	1155
324	146	1156
5586	1003	1157
34	30	1158
1015	575	1159
690	259	1160
215	140	1161
2229	662	1162
337	147	1163
3762	926	1164
864	521	1165
1205	353	1166
564	391	1167
207	132	1168
2716	399	1169
199	132	1170
208	156	1171
1042	329	1172
93	63	1173
424	277	1174
296	194	1175
348	222	1176
620	432	1177
51	30	1178
51	40	1179
402	170	1180
357	223	1181
577	299	1182
268	173	1183
1687	609	1184
19	17	1185
1	1	1186
503	330	1187
29648	2536	1188
5453	981	1189
318	201	1190
264	125	1191
184	93	1192
179	136	1193
8	7	1194
802	405	1195
172	91	1196
651	256	1197
1307	684	1198
369	191	1199
724	350	1200
21	16	1201
2	2	1202
688	431	1203
2461	320	1204
384	253	1205
408	236	1206
266	167	1207
357	272	1208
214	139	1209
593	308	1210
244	100	1211
5741	1091	1212
215	111	1213
440	204	1214
704	430	1215
154	121	1216
1681	663	1217
1291	591	1218
952	545	1219
304	201	1220
351	185	1221
3462	1080	1222
650	343	1223
537	326	1224
248	153	1225
204	94	1226
29	29	1227
137	94	1228
676	416	1229
1238	795	1230
0	0	1231
7	7	1232
198	112	1233
254	181	1234
24	23	1235
594	355	1236
0	0	1237
1646	499	1238
1040	469	1239
271	139	1240
1115	393	1241
878	318	1242
1	1	1243
298	88	1244
581	268	1245
712	424	1246
2305	351	1247
25	20	1248
1645	479	1249
1927	870	1250
254	169	1251
1142	330	1252
1314	569	1253
180	136	1254
4	4	1255
387	238	1256
13	11	1257
1042	350	1258
778	395	1259
1782	829	1260
556	268	1261
220	136	1262
864	417	1263
312	209	1264
987	552	1265
11782	2960	1266
813	419	1267
499	249	1268
3835	296	1269
702	512	1270
162	107	1271
892	478	1272
176	93	1273
176	106	1274
1406	524	1275
1034	379	1276
548	280	1277
264	133	1278
846	427	1279
627	335	1280
474	215	1281
301	150	1282
428	184	1283
5688	1218	1284
850	393	1285
246	149	1286
180	99	1287
1536	340	1288
69	53	1289
608	369	1290
934	509	1291
1791	647	1292
828	314	1293
2829	957	1294
2166	1069	1295
677	412	1296
1776	612	1297
866	198	1298
10094	2438	1299
1822	532	1300
752	303	1301
738	383	1302
623	214	1303
2461	320	1304
77	50	1305
353	178	1306
403	247	1307
1462	83	1308
773	456	1309
123	85	1310
219	172	1311
11	8	1312
881	316	1313
342	240	1314
282	143	1315
53	34	1316
834	327	1317
258	162	1318
587	341	1319
833	448	1320
3979	1276	1321
78	25	1322
585	363	1323
0	0	1324
160	118	1325
2131	850	1326
485	246	1327
1235	693	1328
505	288	1329
721	467	1330
1581	681	1331
887	363	1332
926	461	1333
13081	3613	1334
1854	712	1335
42	36	1336
786	481	1337
336	145	1338
819	440	1339
33	23	1340
391	203	1341
9	7	1342
421	291	1343
790	429	1344
1581	728	1345
1090	577	1346
2069	211	1347
426	112	1348
699	418	1349
879	381	1350
160	108	1351
1342	665	1352
576	305	1353
2741	791	1354
526	264	1355
211	124	1356
517	211	1357
220	163	1358
425	270	1359
496	316	1360
322	299	1361
950	556	1362
751	377	1363
818	383	1364
861	342	1365
912	305	1366
401	162	1367
149	90	1368
906	411	1369
9	9	1370
2306	314	1371
53	42	1372
182	104	1373
718	218	1374
8	8	1375
455	219	1376
1203	476	1377
5	5	1378
575	268	1379
1	1	1380
817	462	1381
619	375	1382
501	245	1383
611	377	1384
13	13	1385
774	347	1386
1247	464	1387
308	220	1388
5002	2067	1389
590	308	1390
433	126	1391
285	112	1392
202	133	1393
1729	370	1394
1280	727	1395
2040	458	1396
1517	699	1397
804	420	1398
313	204	1399
350	186	1400
9142	779	1401
7	7	1402
634	307	1403
928	438	1404
3165	421	1405
367	153	1406
53	34	1407
13011	769	1408
131	59	1409
279	157	1410
42	32	1411
804	361	1412
490	459	1413
2682	972	1414
204	147	1415
1	1	1416
1498	523	1417
515	288	1418
490	459	1419
147	107	1420
81	54	1421
4	4	1422
1373	681	1423
435	240	1424
1166	426	1425
1955	861	1426
199	67	1427
19	18	1428
526	241	1429
2293	949	1430
1	1	1431
65	48	1432
321	127	1433
564	298	1434
838	356	1435
304	201	1436
675	375	1437
306	196	1438
1761	769	1439
13	11	1440
779	306	1441
237	149	1442
4364	1599	1443
479	251	1444
578	368	1445
59	51	1446
3284	775	1447
552	220	1448
635	351	1449
487	267	1450
218	127	1451
586	384	1452
670	392	1453
2039	535	1454
6436	1050	1455
768	410	1456
3	3	1457
1887	892	1458
68	51	1459
7	7	1460
1040	469	1461
562	197	1462
400	192	1463
294	118	1464
1113	453	1465
694	351	1466
357	173	1467
172	111	1468
493	271	1469
2454	1414	1470
471	177	1471
189	143	1472
3205	1202	1473
2262	704	1474
360	189	1475
1344	650	1476
2496	902	1477
2096	842	1478
1822	532	1479
1616	989	1480
917	423	1481
378	257	1482
4570	267	1483
2192	141	1484
209	144	1485
76	63	1486
273	128	1487
859	423	1488
1513	688	1489
465	190	1490
143	121	1491
120	67	1492
72	51	1493
79	55	1494
31	25	1495
604	323	1496
385	202	1497
184	93	1498
701	304	1499
339	198	1500
1	1	1501
888	296	1502
470	217	1503
373	217	1504
883	292	1505
174	88	1506
639	402	1507
1328	630	1508
1072	454	1509
935	345	1510
112	68	1511
493	323	1512
25	18	1513
722	489	1514
30	30	1515
28	22	1516
402	157	1517
309	198	1518
1178	589	1519
577	299	1520
2008	514	1521
854	527	1522
228	81	1523
645	352	1524
538	303	1525
518	199	1526
870	351	1527
330	201	1528
1117	575	1529
112	68	1530
3008	1094	1531
2143	861	1532
198	111	1533
290	131	1534
268	200	1535
1598	284	1536
490	304	1537
390	198	1538
1	1	1539
417	205	1540
3824	1444	1541
118	75	1542
17	12	1543
2241	910	1544
143	106	1545
271	107	1546
8493	2143	1547
14	14	1548
3	3	1549
18	12	1550
179	100	1551
602	287	1552
1	1	1553
6885	2008	1554
937	444	1555
1	1	1556
716	239	1557
610	356	1558
535	214	1559
6000	2034	1560
990	457	1561
300	197	1562
373	141	1563
1015	319	1564
687	312	1565
574	284	1566
887	354	1567
9210	2852	1568
642	288	1569
6000	2034	1570
1	1	1571
2	2	1572
1465	661	1573
331	198	1574
219	134	1575
227	154	1576
4	4	1577
451	282	1578
453	230	1579
1896	1630	1580
691	358	1581
603	187	1582
12	12	1583
557	259	1584
333	94	1585
493	181	1586
1020	527	1587
707	123	1588
564	200	1589
1	1	1590
5393	1899	1591
1184	486	1592
697	350	1593
206	115	1594
1512	470	1595
1	1	1596
519	305	1597
8	8	1598
65	42	1599
64	50	1600
5303	1053	1601
1521	627	1602
7727	1072	1603
608	369	1604
201	123	1605
4	4	1606
32539	4611	1607
448	254	1608
195	128	1609
203	102	1610
120	79	1611
159	116	1612
26	18	1613
228	110	1614
1242	461	1615
1197	569	1616
0	0	1617
142	120	1618
35	23	1619
22	19	1620
39	35	1621
800	359	1622
14	12	1623
205	115	1624
1	1	1625
820	439	1626
1072	452	1627
923	328	1628
221	112	1629
1536	317	1630
312771	228	1631
255	169	1632
53	37	1633
246	174	1634
0	0	1635
378	203	1636
8	8	1637
2520	964	1638
720	483	1639
1648	559	1640
42	35	1641
3355	1098	1642
381	256	1643
1	1	1644
5266	1727	1645
77	65	1646
8063	2068	1647
19	19	1648
104	69	1649
1943	413	1650
332	246	1651
228	175	1652
490	459	1653
267	169	1654
646	177	1655
804	420	1656
719	381	1657
1941	416	1658
127	93	1659
96	84	1660
1	1	1661
1350	727	1662
203	135	1663
94	86	1664
3912	933	1665
348	185	1666
817	462	1667
529	255	1668
25	24	1669
33	23	1670
1616	879	1671
1930	735	1672
521	255	1673
1405	677	1674
1114	550	1675
12596	4076	1676
563	125	1677
399	242	1678
39	35	1679
437	234	1680
534	310	1681
992	558	1682
13	12	1683
1933	483	1684
345	182	1685
935	448	1686
60	35	1687
980	722	1688
346	212	1689
513	282	1690
1175	565	1691
452	205	1692
568	363	1693
297	158	1694
1178	505	1695
162	118	1696
211	129	1697
255	55	1698
935	345	1699
3355	1098	1700
377	212	1701
2543	824	1702
827	317	1703
6849	2457	1704
0	0	1705
1083	527	1706
839	337	1707
5239	691	1708
1	1	1709
589	307	1710
508200	2	1711
10500	1479	1712
39	35	1713
177	107	1714
251	176	1715
179	119	1716
561	266	1717
0	0	1718
1095	476	1719
12750	2137	1720
328	166	1721
500	298	1722
8	8	1723
448	344	1724
460	209	1725
297	118	1726
577	303	1727
1598	284	1728
808	521	1729
144	79	1730
2313	120	1731
6179	1160	1732
572	226	1733
910	404	1734
0	0	1735
472	223	1736
5	5	1737
285	185	1738
331	206	1739
111	83	1740
1434	778	1741
232	149	1742
343	316	1743
5688	1218	1744
315	136	1745
30	27	1746
374	234	1747
2861	507	1748
21436	1733	1749
698	359	1750
119	85	1751
131	56	1752
661	379	1753
510	344	1754
470	299	1755
2089	575	1756
318	193	1757
388	237	1758
754	428	1759
289	150	1760
704	339	1761
35	32	1762
490	459	1763
310	231	1764
260	141	1765
251	126	1766
478	202	1767
115	87	1768
346	211	1769
263	131	1770
496	240	1771
1	1	1772
10	10	1773
0	0	1774
468	302	1775
5266	1727	1776
723	375	1777
239	135	1778
270	140	1779
20	20	1780
191	141	1781
585	271	1782
490	459	1783
393	203	1784
687	333	1785
292	199	1786
169	91	1787
406	237	1788
43	27	1789
659	359	1790
288	227	1791
2996	392	1792
108	65	1793
381	245	1794
14	12	1795
1549	641	1796
1090	481	1797
362	208	1798
8864	3202	1799
3473	2306	1800
1108	458	1801
1119	525	1802
241	104	1803
0	0	1804
1122	455	1805
581	192	1806
3252	1292	1807
5271	1085	1808
436	221	1809
1425	557	1810
1	1	1811
541	297	1812
50	36	1813
477	224	1814
13	11	1815
466	218	1816
342	193	1817
4238	1387	1818
233	157	1819
800	208	1820
282	130	1821
8559	1941	1822
120	84	1823
244	165	1824
565	261	1825
5	5	1826
1725	867	1827
329	201	1828
382	223	1829
1088	524	1830
915	290	1831
8	8	1832
1822	532	1833
1072	453	1834
952	545	1835
1400	697	1836
306	132	1837
144	82	1838
1	1	1839
1	1	1840
1147	348	1841
121	85	1842
10	9	1843
986	476	1844
203	113	1845
273	135	1846
21	19	1847
2	2	1848
430	306	1849
42	32	1850
483	335	1851
319	211	1852
630	355	1853
165	91	1854
611	281	1855
1321	650	1856
470	353	1857
31	25	1858
62	45	1859
1297	680	1860
155	109	1861
0	0	1862
2410	754	1863
749	454	1864
376	181	1865
1269	590	1866
248	134	1867
1	1	1868
823	333	1869
556	243	1870
1334	607	1871
392	226	1872
1239	460	1873
182	120	1874
341	140	1875
17	16	1876
731	355	1877
520	292	1878
174	88	1879
8	8	1880
485	315	1881
1390	637	1882
1471	516	1883
318	119	1884
1	1	1885
612	273	1886
14	12	1887
610	310	1888
5480	603	1889
1292	648	1890
1177	573	1891
29648	2536	1892
1192	470	1893
144	76	1894
406	217	1895
203	129	1896
9	9	1897
200	112	1898
555	291	1899
26	26	1900
1188	441	1901
718	363	1902
1096	527	1903
65	48	1904
38	26	1905
908	329	1906
620	263	1907
636	310	1908
951	552	1909
701	361	1910
18	14	1911
549	334	1912
12	12	1913
1	1	1914
527	297	1915
647	240	1916
911	468	1917
174	130	1918
666	361	1919
554	243	1920
7090	668	1921
1666	477	1922
296	73	1923
249	129	1924
346	257	1925
1998	973	1926
620	236	1927
379	208	1928
365	201	1929
3483	1213	1930
933	426	1931
524	268	1932
1090	452	1933
1121	387	1934
267	176	1935
3857	1068	1936
280	148	1937
194	117	1938
545	342	1939
0	0	1940
532	288	1941
1509	486	1942
283	136	1943
1	1	1944
291	200	1945
8	8	1946
15	9	1947
621	299	1948
666	361	1949
3821	778	1950
490	459	1951
1	1	1952
11	11	1953
784	393	1954
945	210	1955
314	199	1956
3081	1471	1957
1179	419	1958
1767	321	1959
416	271	1960
403	150	1961
716	327	1962
17	13	1963
46	44	1964
789	418	1965
135	87	1966
27	16	1967
168	83	1968
73	50	1969
526	205	1970
457	268	1971
387	249	1972
7	7	1973
17	11	1974
2571	377	1975
4158	1035	1976
1381	667	1977
434	255	1978
1466	92	1979
38	31	1980
12	8	1981
147	103	1982
259	125	1983
340	189	1984
150	77	1985
20	11	1986
1956	554	1987
758	369	1988
39	35	1989
476	293	1990
1453	682	1991
887	552	1992
6791	1696	1993
2727	375	1994
3268	1413	1995
543	190	1996
360	157	1997
818	539	1998
352	198	1999
804	419	2000
769	360	2001
1	1	2002
1008	541	2003
5	5	2004
631	243	2005
895	189	2006
394	250	2007
468	258	2008
479	302	2009
975	720	2010
141	87	2011
1350	556	2012
437	172	2013
462	284	2014
9	9	2015
1064	370	2016
13	13	2017
1635	388	2018
20	13	2019
2829	957	2020
1	1	2021
1770	477	2022
2459	465	2023
1822	532	2024
583	266	2025
1067	560	2026
49	30	2027
811	394	2028
960	520	2029
262	185	2030
413	201	2031
656	317	2032
916	429	2033
330	143	2034
291	196	2035
625	192	2036
2796	1094	2037
0	0	2038
2492	1238	2039
746	455	2040
293	191	2041
304	201	2042
859	395	2043
217	117	2044
1656	831	2045
184	93	2046
913	383	2047
35	21	2048
16	16	2049
4913	1661	2050
190	116	2051
2224	697	2052
49	44	2053
2976	1114	2054
650	343	2055
2807	1141	2056
2063	554	2057
648	298	2058
424	265	2059
787	457	2060
1964	920	2061
1157	495	2062
941	480	2063
256	78	2064
9673	550	2065
335	165	2066
1	1	2067
620	343	2068
707	406	2069
395	248	2070
6708	1308	2071
994	466	2072
375	268	2073
1752	893	2074
267	166	2075
1295	441	2076
159	111	2077
281	176	2078
607	283	2079
276	175	2080
204	132	2081
5862	673	2082
168	111	2083
381	256	2084
530	325	2085
7	7	2086
1727	530	2087
664	397	2088
1199	438	2089
273	156	2090
803	420	2091
415	210	2092
855	458	2093
608	330	2094
1093	482	2095
220	163	2096
304	201	2097
44	37	2098
50	41	2099
649	482	2100
636	334	2101
128	80	2102
807	195	2103
3473	2306	2104
192	129	2105
1563	318	2106
232	129	2107
1402	695	2108
748	489	2109
12	12	2110
1554	318	2111
999	558	2112
993	431	2113
1598	284	2114
266	151	2115
399	177	2116
1096	425	2117
6	6	2118
1156	473	2119
476	212	2120
536	321	2121
9210	2852	2122
874	293	2123
699	280	2124
2554	740	2125
1079	553	2126
701	390	2127
7142	1808	2128
674	355	2129
254	88	2130
268	158	2131
876	356	2132
496	307	2133
331	237	2134
666	361	2135
785	523	2136
10390	671	2137
12	12	2138
224	154	2139
278	205	2140
466	335	2141
651	256	2142
10	8	2143
91	67	2144
1591	704	2145
716	433	2146
1	1	2147
155	95	2148
9020	333	2149
39	35	2150
1925	787	2151
152	83	2152
151	80	2153
1768	619	2154
170	102	2155
116	16	2156
687	359	2157
684	395	2158
1	1	2159
9	9	2160
689	264	2161
212	107	2162
457	268	2163
94	80	2164
444	303	2165
0	0	2166
84	77	2167
687	481	2168
1166	574	2169
218	135	2170
2957	479	2171
470	302	2172
1098	553	2173
7	7	2174
285	116	2175
276	159	2176
804	420	2177
106	67	2178
1051	480	2179
35	34	2180
117	57	2181
61	56	2182
525	192	2183
886	207	2184
731	355	2185
0	0	2186
159	122	2187
1487	692	2188
2745	1021	2189
189	143	2190
237	149	2191
885	317	2192
537	285	2193
390	195	2194
5102	2192	2195
487	231	2196
1908	809	2197
962	585	2198
804	420	2199
220	135	2200
439	359	2201
165	129	2202
762	342	2203
1055	493	2204
1613	364	2205
426	238	2206
819	382	2207
1526	692	2208
116	80	2209
1074	647	2210
50	45	2211
312	151	2212
532	261	2213
363	187	2214
88	61	2215
533	159	2216
505	224	2217
243	136	2218
95	40	2219
291	108	2220
292	135	2221
182	110	2222
268	140	2223
514	250	2224
437	275	2225
1012	345	2226
39	35	2227
240	113	2228
299	197	2229
697	304	2230
2313	914	2231
9	9	2232
133	90	2233
673	349	2234
67	53	2235
571	282	2236
4	4	2237
1130	428	2238
657	329	2239
508	291	2240
1259	458	2241
248	105	2242
809	467	2243
332	158	2244
190	153	2245
401	174	2246
0	0	2247
429	172	2248
1253	594	2249
34	27	2250
3143	1661	2251
126	98	2252
689	370	2253
33	23	2254
976	336	2255
387	217	2256
8	8	2257
540	247	2258
179	131	2259
108	68	2260
106	68	2261
974	483	2262
0	0	2263
1156	473	2264
948	480	2265
1	1	2266
190	116	2267
588	320	2268
1814	710	2269
362	221	2270
341	157	2271
7908	1606	2272
1277	438	2273
436	255	2274
286	91	2275
2004	432	2276
3031	661	2277
1628	656	2278
1176	601	2279
7	6	2280
1338	395	2281
965	273	2282
1156	473	2283
1492	564	2284
582	312	2285
7654	1264	2286
1174	568	2287
1617	652	2288
1057	476	2289
338	143	2290
35	21	2291
1633	387	2292
4	4	2293
256	135	2294
514	314	2295
76	37	2296
236	141	2297
700	421	2298
6	6	2299
758	145	2300
435	315	2301
549	262	2302
182	99	2303
339	184	2304
290	114	2305
830	441	2306
544	176	2307
3	3	2308
1598	284	2309
158	95	2310
3461	925	2311
507	309	2312
272	182	2313
1392	650	2314
2236	699	2315
1224	452	2316
733	410	2317
713	389	2318
133	86	2319
548	258	2320
119	93	2321
817	462	2322
11264	3024	2323
39	35	2324
524	268	2325
1563	558	2326
328	92	2327
720	286	2328
1156	473	2329
19	18	2330
1212	385	2331
165	116	2332
504	266	2333
425	200	2334
252	189	2335
1216	373	2336
7	7	2337
1766	704	2338
720	483	2339
139	95	2340
1449	431	2341
1335	591	2342
258	95	2343
36454	9015	2344
60	35	2345
227	123	2346
655	390	2347
1156	473	2348
1026	533	2349
517	171	2350
1125	524	2351
1067	438	2352
849	481	2353
166	132	2354
1532	713	2355
56	35	2356
327	135	2357
345	263	2358
373	187	2359
1619	685	2360
594	304	2361
0	0	2362
3201	1099	2363
1036	450	2364
43	34	2365
666	361	2366
538	320	2367
149	90	2368
287	114	2369
697	309	2370
41	30	2371
598	175	2372
578	269	2373
302	203	2374
2	2	2375
1203	476	2376
519	305	2377
87	68	2378
1259	357	2379
983	394	2380
930	416	2381
277	176	2382
86	61	2383
120	66	2384
442	266	2385
11	11	2386
490	151	2387
1156	429	2388
142	72	2389
1108	533	2390
0	0	2391
464	277	2392
376	190	2393
1856	702	2394
231	161	2395
356	267	2396
828	440	2397
1116	455	2398
731	213	2399
354	220	2400
492	291	2401
272	162	2402
426	180	2403
430	193	2404
129	107	2405
373	215	2406
221	152	2407
5	5	2408
604	266	2409
556	268	2410
5	5	2411
849	422	2412
485	331	2413
1118	668	2414
1644	536	2415
507	309	2416
1706	659	2417
68	62	2418
457	216	2419
449	232	2420
0	0	2421
343	151	2422
909	539	2423
348	203	2424
914	481	2425
1577	783	2426
445	172	2427
538	237	2428
11	9	2429
11264	3024	2430
5240	599	2431
607	308	2432
0	0	2433
388	185	2434
145	109	2435
140	102	2436
660	271	2437
5540	627	2438
361	160	2439
155	116	2440
119	87	2441
107	93	2442
511	280	2443
526	254	2444
810	501	2445
1	1	2446
1498	674	2447
785	370	2448
663	361	2449
1152	591	2450
7	7	2451
255	130	2452
3	3	2453
168	99	2454
893	309	2455
481	238	2456
676	367	2457
1379	741	2458
0	0	2459
252	191	2460
1224	452	2461
501	286	2462
229	144	2463
5756	631	2464
130	100	2465
307	124	2466
1056	474	2467
1221	530	2468
8075	135	2469
1	1	2470
1553	505	2471
1010	545	2472
447	268	2473
388	180	2474
342	180	2475
472	127	2476
613	341	2477
2089	775	2478
218	135	2479
22	18	2480
224	120	2481
1156	473	2482
813	407	2483
501	249	2484
758	402	2485
241	97	2486
329	226	2487
579	263	2488
21436	1732	2489
2	2	2490
188	129	2491
905	364	2492
555	274	2493
567	366	2494
40	34	2495
821	437	2496
43	30	2497
233	101	2498
530	229	2499
1136	506	2500
315	136	2501
227	160	2502
19	18	2503
5	5	2504
418	284	2505
396	252	2506
13	13	2507
1162	572	2508
14	12	2509
838	413	2510
990	369	2511
7894	1096	2512
144	89	2513
191	93	2514
4580	815	2515
58	40	2516
532	277	2517
280	148	2518
111	87	2519
5	5	2520
804	420	2521
350	162	2522
167	83	2523
812	425	2524
1001	301	2525
1891	1633	2526
1300	501	2527
12	12	2528
344	139	2529
4	4	2530
68	42	2531
415	206	2532
453	323	2533
4976	1391	2534
83	45	2535
3	3	2536
2300	833	2537
454	241	2538
3063	413	2539
294	162	2540
872	358	2541
411	278	2542
218	143	2543
1	1	2544
1	1	2545
882	286	2546
1	1	2547
2727	983	2548
400	242	2549
48	29	2550
126	71	2551
369	173	2552
950	352	2553
201	132	2554
13	13	2555
2004	515	2556
184	123	2557
365	132	2558
391	183	2559
580	359	2560
90	75	2561
341	157	2562
108	72	2563
1256	674	2564
453	230	2565
1761	769	2566
565	339	2567
4	4	2568
507	309	2569
2604	1017	2570
582	271	2571
12	12	2572
388	176	2573
946	361	2574
2	2	2575
261	113	2576
184	93	2577
236	153	2578
900	329	2579
0	0	2580
4199	381	2581
804	488	2582
1	1	2583
699	196	2584
519	217	2585
1067	438	2586
187	99	2587
396	252	2588
296	169	2589
528	324	2590
1	1	2591
70	56	2592
58	39	2593
377	267	2594
836	295	2595
107	68	2596
2980	1076	2597
1891	1633	2598
252	189	2599
1246	469	2600
397	177	2601
140	106	2602
922	329	2603
284	113	2604
313	201	2605
883	316	2606
203	134	2607
880	400	2608
443	205	2609
9	9	2610
1519	866	2611
3287	1165	2612
5794	1084	2613
873	398	2614
191	93	2615
6406	2206	2616
869	198	2617
14	12	2618
1	1	2619
417	328	2620
1278	595	2621
1563	318	2622
11	11	2623
0	0	2624
810	501	2625
1	1	2626
1485	660	2627
733	440	2628
184	93	2629
1442	865	2630
3473	2307	2631
1581	681	2632
780	234	2633
587	311	2634
154	87	2635
81	55	2636
846	285	2637
746	287	2638
219	133	2639
1003	313	2640
211	116	2641
2554	740	2642
598	352	2643
640	346	2644
1075	580	2645
35	21	2646
670	392	2647
137	61	2648
520	336	2649
484	217	2650
914	361	2651
185	116	2652
1282	528	2653
228	140	2654
123	60	2655
49	41	2656
437	241	2657
961	546	2658
990	457	2659
562	340	2660
424	242	2661
340	221	2662
8	8	2663
1891	1633	2664
594	280	2665
677	311	2666
333	217	2667
1986	505	2668
672	236	2669
507	215	2670
7	7	2671
166	122	2672
2252	921	2673
13	13	2674
1081	544	2675
97	80	2676
408	264	2677
349	155	2678
883	389	2679
300	205	2680
602	359	2681
195	106	2682
760	436	2683
569	279	2684
175	89	2685
331	195	2686
277	159	2687
1781	708	2688
1204	482	2689
449	236	2690
636	277	2691
139	104	2692
839	290	2693
774	439	2694
193	122	2695
987	487	2696
508	307	2697
646	265	2698
295	196	2699
695	338	2700
1113	460	2701
47	43	2702
47	43	2703
2490	889	2704
655	313	2705
256	171	2706
1111	383	2707
383	170	2708
99	65	2709
165	116	2710
1236	613	2711
638	388	2712
641	357	2713
39	35	2714
299	151	2715
773	425	2716
165	95	2717
586	399	2718
37	33	2719
201	133	2720
309	137	2721
409	124	2722
268	144	2723
397	177	2724
887	552	2725
1231	451	2726
264	178	2727
268	170	2728
94	54	2729
363	183	2730
1436	784	2731
284	264	2732
434	229	2733
991	284	2734
3564	564	2735
550	123	2736
242	126	2737
749	314	2738
695	487	2739
739	434	2740
9	8	2741
1	1	2742
130	100	2743
14	14	2744
777	402	2745
463	216	2746
768	319	2747
1996	732	2748
430	202	2749
677	245	2750
636	340	2751
593	359	2752
3835	1282	2753
61	36	2754
353	257	2755
0	0	2756
538	252	2757
1305	463	2758
74	55	2759
1198	636	2760
490	459	2761
601	286	2762
371	187	2763
338	143	2764
187	115	2765
157	86	2766
232	130	2767
13	13	2768
0	0	2769
779	456	2770
2488	1238	2771
874	378	2772
401	225	2773
120	83	2774
53	35	2775
401	235	2776
233	175	2777
575	260	2778
1740	746	2779
526	310	2780
704	431	2781
58	46	2782
617	207	2783
167	75	2784
585	270	2785
887	354	2786
160	96	2787
292	175	2788
187	132	2789
58	39	2790
8	8	2791
75	63	2792
754	335	2793
264	178	2794
35	18	2795
1478	740	2796
443	204	2797
411	278	2798
35	24	2799
14	13	2800
549	325	2801
1615	879	2802
6	6	2803
208	110	2804
740	257	2805
3583	632	2806
1289	531	2807
5696	629	2808
48	33	2809
990	369	2810
167	114	2811
570	224	2812
580	324	2813
727	395	2814
1254	472	2815
212	132	2816
0	0	2817
734	386	2818
162	130	2819
7724	1339	2820
6	6	2821
3323	987	2822
4470	1153	2823
474	173	2824
1616	292	2825
7	7	2826
1470	414	2827
36	34	2828
77	48	2829
713	355	2830
532	181	2831
366	109	2832
3096	322	2833
27	16	2834
198	100	2835
2776	1718	2836
1234	460	2837
1154	532	2838
325	192	2839
977	539	2840
426	292	2841
465	190	2842
213	140	2843
750	447	2844
917	423	2845
162	127	2846
143	99	2847
18	15	2848
2983	434	2849
89	60	2850
515	348	2851
1341	296	2852
1464	706	2853
345	202	2854
1194	441	2855
952	545	2856
5095	287	2857
1	1	2858
238	159	2859
591	300	2860
1003	683	2861
12	11	2862
751	372	2863
223	135	2864
886	269	2865
108	95	2866
147	86	2867
226	172	2868
2139	977	2869
0	0	2870
656	345	2871
99	71	2872
512	254	2873
847	525	2874
2023	525	2875
747	304	2876
136	117	2877
651	357	2878
270	212	2879
687	379	2880
5	5	2881
187	103	2882
524	273	2883
506	224	2884
2	2	2885
205	114	2886
1584	548	2887
1234	460	2888
9	9	2889
569	292	2890
1001	301	2891
520	336	2892
160	89	2893
917	402	2894
490	459	2895
133	91	2896
486	251	2897
2238	704	2898
302	229	2899
2135	971	2900
49	38	2901
379	230	2902
1391	611	2903
116	89	2904
1510	706	2905
212	146	2906
42	36	2907
880	301	2908
534	251	2909
8	8	2910
1776	612	2911
208	116	2912
1240	621	2913
258	180	2914
905	459	2915
24288	1532	2916
8	8	2917
609	320	2918
1	1	2919
450	285	2920
444	71	2921
531	150	2922
1095	562	2923
625	384	2924
184	107	2925
990	457	2926
3404	1258	2927
2147	610	2928
213	129	2929
413	248	2930
1282	496	2931
195	80	2932
1057	622	2933
156	114	2934
398	274	2935
699	363	2936
48773	10030	2937
287	197	2938
3063	413	2939
171	105	2940
804	419	2941
1159	326	2942
1516	617	2943
399	227	2944
215	132	2945
1299	245	2946
2829	957	2947
12	12	2948
2209	977	2949
5	5	2950
14	13	2951
279	162	2952
297	188	2953
1	1	2954
558	268	2955
255	183	2956
5	5	2957
500	341	2958
479	199	2959
2453	977	2960
672	426	2961
87	70	2962
681	204	2963
106	80	2964
569	325	2965
1	1	2966
415	217	2967
267	140	2968
409	214	2969
4503	1531	2970
691	337	2971
1607	627	2972
340	152	2973
8	8	2974
2749	570	2975
297	123	2976
481	228	2977
300	204	2978
400	256	2979
2291	910	2980
492	342	2981
624	359	2982
2040	915	2983
448	215	2984
1077	454	2985
27	16	2986
276	179	2987
39	35	2988
658	210	2989
12	9	2990
568	382	2991
424	213	2992
342	149	2993
499	369	2994
308	176	2995
2593	395	2996
1450	629	2997
234	174	2998
1	1	2999
243	143	3000
337	147	3001
191	128	3002
319	170	3003
470	311	3004
2153	1034	3005
8583	1859	3006
227	114	3007
524	320	3008
544	336	3009
0	0	3010
8	8	3011
4	4	3012
25	18	3013
269	163	3014
2354	910	3015
186	123	3016
8068	1133	3017
138	101	3018
170	130	3019
1254	472	3020
1	1	3021
15	15	3022
55	51	3023
1983	520	3024
535	218	3025
87	57	3026
8520	2611	3027
1185	430	3028
678	369	3029
83	68	3030
139	104	3031
1554	563	3032
1542	498	3033
234	127	3034
1	1	3035
1635	388	3036
121	94	3037
252	142	3038
277	159	3039
545	199	3040
80	66	3041
298	181	3042
2553	1096	3043
877	312	3044
297	133	3045
965	547	3046
327	137	3047
1383	441	3048
2	2	3049
477	274	3050
67	43	3051
1094	580	3052
196	80	3053
193	37	3054
4183	1789	3055
122	98	3056
337	202	3057
245	96	3058
15032	3856	3059
2401	891	3060
10	10	3061
480	294	3062
364	170	3063
701	393	3064
374	231	3065
2745	809	3066
504	217	3067
1598	284	3068
24	21	3069
2856	1089	3070
162	77	3071
571	249	3072
200	140	3073
1985	814	3074
334	167	3075
453	230	3076
1598	284	3077
562	317	3078
425	207	3079
1	1	3080
672	352	3081
0	0	3082
461	273	3083
657	437	3084
1089	568	3085
550	281	3086
18	16	3087
4	4	3088
526	257	3089
459	178	3090
4	4	3091
13	12	3092
697	309	3093
975	427	3094
512	243	3095
4030	223	3096
284	115	3097
814	195	3098
1861	480	3099
904	333	3100
481	283	3101
698	374	3102
173	133	3103
334	199	3104
1670	744	3105
39	35	3106
334	173	3107
814	420	3108
474	218	3109
470	255	3110
1467	697	3111
503	312	3112
525	265	3113
33	18	3114
929	446	3115
1514	586	3116
13	11	3117
481	254	3118
9	8	3119
166	96	3120
602	306	3121
1137	329	3122
435	270	3123
1761	769	3124
340	186	3125
1536	637	3126
275	190	3127
26	26	3128
196	132	3129
29	26	3130
2295	361	3131
207	138	3132
1436	580	3133
211	132	3134
473	127	3135
312	179	3136
668	383	3137
241	192	3138
245	102	3139
221	48	3140
2077	667	3141
778	386	3142
1089	571	3143
826	526	3144
4	4	3145
3112	1042	3146
2090	806	3147
1512	722	3148
136	97	3149
6791	1696	3150
3770	1173	3151
502	340	3152
314	123	3153
491	247	3154
720	374	3155
508	260	3156
184	122	3157
41	41	3158
1	1	3159
65	46	3160
577	267	3161
437	151	3162
655	364	3163
2494	1078	3164
552	300	3165
1025	547	3166
834	527	3167
2291	367	3168
627	345	3169
7744	2325	3170
804	420	3171
1417	676	3172
1169	458	3173
2082	954	3174
615	304	3175
305	197	3176
26	16	3177
604	340	3178
379	209	3179
356	158	3180
143	91	3181
7	7	3182
1460	659	3183
2532	784	3184
368	162	3185
297	132	3186
2054	951	3187
232	92	3188
9	9	3189
1184	484	3190
1	1	3191
20	14	3192
162	113	3193
245	138	3194
49	44	3195
122	86	3196
84	69	3197
203	134	3198
436	260	3199
869	514	3200
392	229	3201
814	451	3202
0	0	3203
484	234	3204
1176	572	3205
891	250	3206
1006	403	3207
681	356	3208
373	185	3209
310	231	3210
254	182	3211
353	116	3212
863	272	3213
248	187	3214
2859	1084	3215
797	458	3216
199	112	3217
118	84	3218
1672	907	3219
395	198	3220
471	126	3221
258	174	3222
35	23	3223
190	147	3224
386	226	3225
1896	1630	3226
53	34	3227
1345	665	3228
162	86	3229
1171	459	3230
1048	497	3231
2197	879	3232
101	58	3233
6019	1559	3234
1869	769	3235
321	193	3236
95	55	3237
5275	673	3238
13	11	3239
18	16	3240
3771	1172	3241
184	138	3242
409	206	3243
356	327	3244
723	360	3245
1275	488	3246
201	150	3247
1	1	3248
608	369	3249
131	113	3250
2077	783	3251
992	477	3252
322	182	3253
53	34	3254
2089	575	3255
230	83	3256
42	36	3257
333	222	3258
24	24	3259
94	86	3260
39	35	3261
4	4	3262
143	95	3263
503	270	3264
888	296	3265
495	305	3266
38	33	3267
138	101	3268
457	206	3269
560	383	3270
0	0	3271
1644	878	3272
138	103	3273
923	261	3274
4422	1205	3275
577	267	3276
4701	1786	3277
167	107	3278
2271	1017	3279
2104	679	3280
267	187	3281
436	295	3282
350	188	3283
4544	569	3284
490	459	3285
232	158	3286
7	6	3287
294	129	3288
24	14	3289
432	246	3290
4998	1347	3291
13	13	3292
308	138	3293
9	8	3294
630	305	3295
415	165	3296
4993	1388	3297
457	268	3298
442	219	3299
450	290	3300
39	35	3301
583	272	3302
206	145	3303
386	242	3304
182	110	3305
134	91	3306
741	379	3307
402	151	3308
1156	473	3309
2241	910	3310
8	8	3311
3990	1286	3312
443	253	3313
4067	1331	3314
93	51	3315
8	8	3316
215	81	3317
1821	532	3318
917	423	3319
2087	778	3320
592	281	3321
166	82	3322
27	16	3323
396	221	3324
39	35	3325
731	386	3326
569	309	3327
107	70	3328
522	316	3329
1	1	3330
1257	433	3331
3167	1168	3332
828	322	3333
112	91	3334
2519	839	3335
960	327	3336
8	8	3337
258	151	3338
433	126	3339
1072	452	3340
1145	545	3341
498	276	3342
457	262	3343
27	16	3344
433	230	3345
391	203	3346
13	13	3347
16	16	3348
970	501	3349
38	32	3350
22	19	3351
319	211	3352
952	545	3353
1470	89	3354
27	16	3355
1420	655	3356
8420	1767	3357
1213	643	3358
2353	882	3359
484	246	3360
2055	997	3361
324	107	3362
254	152	3363
55	49	3364
673	276	3365
489	254	3366
177	123	3367
24	24	3368
628	323	3369
201	132	3370
2599	397	3371
905	382	3372
333	210	3373
286	114	3374
0	0	3375
42	33	3376
251	174	3377
8	8	3378
445	315	3379
1588	766	3380
295	177	3381
49	36	3382
162	119	3383
160	122	3384
357	192	3385
1852	648	3386
1614	524	3387
532	271	3388
805	202	3389
320	175	3390
619	378	3391
452	205	3392
144	78	3393
1205	477	3394
161	119	3395
912	524	3396
3094	1028	3397
38	26	3398
299	118	3399
209	134	3400
313	214	3401
226	174	3402
17	13	3403
284	178	3404
158	111	3405
1388	556	3406
355	187	3407
463	312	3408
116	93	3409
19	17	3410
729	361	3411
529	216	3412
310	185	3413
1508	664	3414
331	224	3415
35	32	3416
897	430	3417
34	31	3418
312	183	3419
10	10	3420
485	247	3421
986	390	3422
1896	1630	3423
2201	703	3424
1821	532	3425
42	36	3426
11	7	3427
3697	1457	3428
1579	533	3429
248	153	3430
338	276	3431
1230	749	3432
263	153	3433
451	281	3434
1592	732	3435
97524	13025	3436
149	90	3437
12	10	3438
373	141	3439
226	142	3440
720	367	3441
108	74	3442
7	7	3443
1026	379	3444
184	131	3445
288	170	3446
7005	2204	3447
